At iteration 111, diff is 9.744707e-03
Final solution is
-1.000000 -1.000000 -1.000000 -1.000000 -1.000000 -1.000000 -1.000000 -1.000000 -1.000000 -1.000000 -1.000000 -1.000000 -1.000000 
0.000000 -0.383160 -0.529511 -0.604394 -0.647981 -0.671769 -0.679379 -0.671769 -0.647981 -0.604394 -0.529511 -0.383160 0.000000 
0.000000 -0.003529 -0.131325 -0.241178 -0.317208 -0.361210 -0.375650 -0.361210 -0.317208 -0.241178 -0.131325 -0.003529 0.000000 
1.000000 0.499531 0.247422 0.085927 -0.021054 -0.083337 -0.103793 -0.083337 -0.021054 0.085927 0.247422 0.499531 1.000000 
1.000000 0.753135 0.533266 0.355524 0.226436 0.148619 0.122574 0.148619 0.226436 0.355524 0.533266 0.753135 1.000000 
1.000000 0.978288 0.774385 0.572495 0.418153 0.323378 0.291653 0.323378 0.418153 0.572495 0.774385 0.978288 1.000000 
2.000000 1.384128 1.010353 0.737811 0.544865 0.429475 0.391003 0.429475 0.544865 0.737811 1.010353 1.384128 2.000000 
2.000000 1.546186 1.142073 0.818925 0.588803 0.452363 0.407384 0.452363 0.588803 0.818925 1.142073 1.546186 2.000000 
2.000000 1.657033 1.189676 0.802889 0.533597 0.378156 0.327499 0.378156 0.533597 0.802889 1.189676 1.657033 2.000000 
3.000000 1.890803 1.154089 0.665350 0.360000 0.193692 0.141059 0.193692 0.360000 0.665350 1.154089 1.890803 3.000000 
3.000000 1.750982 0.868211 0.341391 0.043350 -0.108589 -0.155280 -0.108589 0.043350 0.341391 0.868211 1.750982 3.000000 
4.000000 1.244063 0.224865 -0.213666 -0.422032 -0.519285 -0.548038 -0.519285 -0.422032 -0.213666 0.224865 1.244063 4.000000 
-1.000000 -1.000000 -1.000000 -1.000000 -1.000000 -1.000000 -1.000000 -1.000000 -1.000000 -1.000000 -1.000000 -1.000000 -1.000000 
