At iteration 107, diff is 9.724354e-03
Final solution is
-1.000000 -1.000000 -1.000000 -1.000000 -1.000000 -1.000000 -1.000000 -1.000000 -1.000000 -1.000000 -1.000000 -1.000000 -1.000000 
0.000000 -0.435224 -0.591342 -0.661407 -0.698536 -0.717945 -0.724082 -0.717945 -0.698536 -0.661407 -0.591342 -0.435224 0.000000 
0.000000 -0.149967 -0.269542 -0.356876 -0.416189 -0.450700 -0.462053 -0.450700 -0.416189 -0.356876 -0.269542 -0.149967 0.000000 
0.000000 0.104091 0.018476 -0.082574 -0.161310 -0.209626 -0.225811 -0.209626 -0.161310 -0.082574 0.018476 0.104091 0.000000 
1.000000 0.546726 0.319717 0.166330 0.059319 -0.004899 -0.026361 -0.004899 0.059319 0.166330 0.319717 0.546726 1.000000 
1.000000 0.761690 0.544658 0.365020 0.232515 0.151830 0.124809 0.151830 0.232515 0.365020 0.544658 0.761690 1.000000 
1.000000 0.953826 0.729170 0.512342 0.348632 0.249111 0.215863 0.249111 0.348632 0.512342 0.729170 0.953826 1.000000 
2.000000 1.322813 0.902743 0.602089 0.395174 0.274028 0.234204 0.274028 0.395174 0.602089 0.902743 1.322813 2.000000 
2.000000 1.433123 0.953846 0.593838 0.350658 0.211805 0.166787 0.211805 0.350658 0.593838 0.953846 1.433123 2.000000 
2.000000 1.454412 0.882973 0.464875 0.197124 0.050442 0.003921 0.050442 0.197124 0.464875 0.882973 1.454412 2.000000 
3.000000 1.500406 0.656513 0.182433 -0.081371 -0.215363 -0.256483 -0.215363 -0.081371 0.182433 0.656513 1.500406 3.000000 
3.000000 0.889874 0.058669 -0.312537 -0.492398 -0.577114 -0.602265 -0.577114 -0.492398 -0.312537 0.058669 0.889874 3.000000 
-1.000000 -1.000000 -1.000000 -1.000000 -1.000000 -1.000000 -1.000000 -1.000000 -1.000000 -1.000000 -1.000000 -1.000000 -1.000000 
